320 -320
320 -256
320 128
320 192
320 256
320 320
256 320
192 320
128 320
-128 320
-192 320
-256 320
-320 320
-320 256
-320 128
-320 192
-320 -128
-320 -256
-320 -192
-256 -320
-320 -320
-192 -320
-128 -320
128 -320
192 -320
256 -320
320 -192
320 -128
576 -128
576 0
576 -64
576 64
576 128
-128 576
-192 576
-256 576
-128 640
-128 704
128 576
192 576
256 576
128 640
128 704
320 576
-384 576
-320 576
384 320
448 320
384 576
384 -320
448 -320
448 384
384 512
-448 576
-512 576
-576 576
-576 512
-576 448
-576 256
-576 320
-576 384
-576 -256
-576 -320
-576 0
-512 0
-512 64
-512 -64
-512 320
-512 -320
-768 -192
-768 -256
-768 -320
-512 -384
-512 -576
-704 -576
-896 -576
-832 -576
-768 -576
-512 -512
-832 -320
-896 -320
-960 -320
-960 -384
-960 -448
-960 -512
-960 -576
-512 -448
-704 -640
-704 -704
-704 -768
-640 -768
-576 -768
-512 -768
-192 -704
-192 -640
-192 -576
-256 -576
-512 -832
-512 -896
-512 -960
-448 -832
-384 -832
-512 -1024
-448 -1024
-384 -1024
-320 -1024
-256 -1024
-192 -1024
-128 -1024
-64 -1024
0 -1024
64 -1024
128 -1024
192 -1024
192 -576
192 -704
192 -640
256 -576
-64 -768
0 -768
64 -768
64 -832
256 -960
256 -1024
320 -960
320 -896
384 -896
384 -832
448 -832
448 -768
512 -704
512 -768
576 -704
576 -640
640 -640
640 -576
704 -576
704 -512
768 -512
768 -448
832 -448
832 -384
832 -320
832 -256
832 -192
832 -128
832 -64
832 64
832 0
832 128
832 192
832 256
832 320
832 384
768 448
832 448
768 512
704 512
704 576
640 576
640 640
640 704
512 768
576 768
448 768
384 768
384 832
320 832
320 896
256 896
256 960
192 960
128 960
-1024 -320
-1088 -320
-1088 -256
-1088 -128
-1088 -192
-1088 -64
-1088 0
-1088 128
-1088 64
-1024 128
-960 128
-768 64
-768 0
-768 128
-960 192
-960 256
-768 192
-768 256
-768 320
-768 576
-768 512
-960 320
-960 384
-960 448
-960 512
-960 576
-768 640
-768 704
-960 640
-960 704
-960 768
-960 832
-960 896
-832 896
-896 896
-704 896
-768 896
-384 896
-512 704
-512 640
-320 832
-320 896
-128 960
-192 960
-256 896
-64 1152
64 1152
0 1152
128 1152
320 960
384 1024
384 960
448 1024
448 1152
448 1088
448 1216
384 1216
320 1216
448 1280
448 1344
448 1408
192 1536
128 1536
64 1536
0 1536
-128 1536
-64 1536
-128 1472
-192 1408
-192 1344
-256 1280
-320 1280
-320 1216
-320 1152
-256 1344
-256 1024
-256 960
-256 1088
-320 1088
0 1216
448 1536
448 1472
384 1536
320 1536
256 1536
-192 1472
64 1472
64 1408
-640 960
-640 1024
-640 1088
-576 1088
-576 1152
-512 1152
-448 1152
-384 1152
-704 960