-1400 0
1400 0
-2000 0
2000 0
1408 -320
1344 -320
1280 -320
1472 -320
1536 -320
1728 0
1728 -64
1728 -128
1728 64
1728 128
1408 320
1472 320
1536 320
1344 320
1280 320
1088 0
1088 64
1088 128
1088 -64
1088 -128
1216 256
1152 192
1152 -192
1216 -256
1792 -192
1792 192
1728 640
1472 -704
1408 -704
1344 -704
1280 -704
1216 -704
1152 -704
1088 -704
1728 -704
1728 -768
1728 -832
1216 -640
1216 -576
1664 -896
1600 -960
1536 -960
1472 -960
1408 -960
1344 -960
1280 -960
1216 -960
1152 -960
1088 -960
1024 -704
1024 -960
960 -960
896 -960
960 -704
832 -960
768 -896
704 -832
640 -768
640 -704
960 -448
960 -384
832 64
1728 704
1472 704
1408 704
1344 704
1280 704
1216 576
1216 640
1216 704
1728 768
1728 832
1664 896
1600 960
1536 960
1472 960
1408 960
1344 960
1280 960
1216 960
1152 960
1088 960
1024 960
960 960
896 960
832 960
768 896
704 832
640 768
640 704
832 0
832 -64
768 0
704 0
640 0
576 0
512 0
320 -256
256 -256
192 -256
128 -256
192 256
256 256
320 256
576 -448
512 -512
448 -512
384 -512
320 -512
256 -512
192 -512
576 448
512 512
448 512
384 512
320 512
256 512
960 384
960 448
-128 -256
-192 -256
-256 -256
-192 -512
-256 -512
-192 512
-256 512
192 512
384 704
384 768
576 832
512 832
448 832
320 832
256 832
192 832
128 832
64 832
0 832
-64 832
-128 832
-192 832
576 -832
512 -832
448 -832
384 -768
384 -704
320 -832
256 -832
192 -832
128 -832
64 -832
0 -832
-64 -832
-128 -832
-192 -832
-320 -512
-384 -512
-448 -512
-320 512
-384 512
-448 512
-448 0
-512 0
-576 0
-640 0
-768 0
-704 0
-256 832
-448 832
-256 -832
-448 -832
-320 -256
-320 256
-384 -704
-384 -768
-320 -832
-512 -832
-832 -960
-896 -960
-960 -960
-384 704
-384 768
-320 832
-512 832
-832 960
-896 960
-960 960
-1024 960
-1088 960
-512 512
-576 448
-832 0
-832 -64
-832 64
448 -128
448 128
-448 -128
-448 -64
-448 64
-448 128
192 448
-192 448
192 -448
-192 -448
448 -64
448 0
448 64
-256 -64
-256 64
256 -64
256 64
-256 0
256 0
-1280 -320
-1344 -320
-1408 -320
-1472 -320
-1280 320
-1344 320
-1408 320
-1472 320
-1536 960
-1472 960
-1408 960
-1344 960
-1280 960
-1216 960
-1152 960
-1536 -960
-1472 -960
-1408 -960
-1344 -960
-1280 -960
-1216 -960
-1152 -960
-1088 -960
-1024 -960
-960 -704
-1024 -704
-1088 -704
-1152 -704
-1216 -704
-1280 -704
-1344 -704
-1408 -704
-960 704
-1024 704
-1088 704
-1152 704
-1216 704
-1280 704
-1344 704
-1408 704
1152 704
1088 704
1024 704
960 704
1408 -896
1024 -768
1408 896
1024 768
-256 256
-640 768
-640 704
-576 832
-768 896
-704 832
-1024 768
-960 448
-960 384
-1088 128
-1088 64
-1088 0
-1088 -64
-1088 -128
-1152 192
-1216 256
-1216 -256
-1152 -192
-1536 -320
-1536 320
-1728 128
-1728 64
-1728 0
-1728 -64
-1728 -128
-1792 192
-1792 -192
-1856 256
-1856 -256
-1728 640
-1728 704
-1728 768
-1728 832
-1664 896
-1600 960
-1728 -640
-1728 -704
-1728 -768
-1728 -832
-1664 -896
-1600 -960
-1472 -704
-1472 704
-1408 896
-1408 -896
-1024 -768
-960 -448
-960 -384
-640 -768
-640 -704
-576 -832
-704 -832
-768 -896
-1216 640
-1216 576
-1216 -640
-1216 -576
-704 -384
-704 -320
-704 -256
-640 -448
-576 -448
-512 -512
640 -448
704 -384
704 -320
704 -256
704 384
704 320
704 256
640 448
-640 448
-704 384
-704 320
-704 256
128 -704
-128 -704
-128 704
128 704
-192 256
128 256
-128 256
-2176 320
-2176 256
-2240 192
-2240 128
-2240 64
-2176 -320
-2176 -256
-2240 -192
-2240 -128
-2240 -64
-2240 0
-1856 576
-1856 -576
-1920 -576
-1920 576
-2048 512
-2112 448
-2048 -512
-2112 -448
-1792 640
-1792 -640
1728 -640
1792 -640
1856 -576
1920 -576
1792 640
1856 576
1920 576
2048 512
2112 -448
2112 448
2176 320
2176 256
2176 -320
2176 -256
2240 -192
2240 -128
2240 -64
2240 0
2240 64
2240 128
2240 192
1856 -256
1856 256
2176 384
2176 -384
1984 576
2048 -512
1984 -576
-1984 576
-1984 -576
-2176 -384
-2176 384