3712 0
3712 -64
3712 64
3648 -128
3584 -192
3520 -256
3648 128
3584 192
3520 256
3456 320
3456 -320
0 3584
-64 3584
64 3584
128 3520
192 3456
256 3392
-128 3520
-192 3456
-256 3392
-320 3328
-320 3264
-320 3200
320 3328
320 3264
320 3200
0 -3584
-64 -3584
64 -3584
128 -3520
192 -3456
256 -3392
-128 -3520
-192 -3456
-256 -3392
-320 -3328
-320 -3264
-320 -3200
320 -3328
320 -3264
320 -3200
-3584 0
-3584 -64
-3584 64
-3520 -128
-3520 128
-3456 192
-3392 256
-3456 -192
-3392 -256
0 -3392
3520 0
0 3456
-3456 0
-3328 -320
3328 -320
3328 320
-3328 320
448 3072
-448 3072
-448 -3072
448 -3072
512 3008
-512 3008
-512 -3008
512 -3008
576 2944
-576 2944
-576 -2944
576 -2944
640 2880
-640 2880
-640 -2880
640 -2880
704 2816
-704 2816
-704 -2816
704 -2816
768 2752
-768 2752
-768 -2752
768 -2752
896 2624
-896 2624
-896 -2624
896 -2624
960 2560
-960 2560
-960 -2560
960 -2560
1024 2496
-1024 2496
-1024 -2496
1024 -2496
1088 2432
-1088 2432
-1088 -2432
1088 -2432
-1408 2112
-1408 -2112
1408 -2112
1472 2048
-1472 2048
-1472 -2048
1472 -2048
2048 1472
-2048 1472
-2048 -1472
2048 -1472
2112 1408
-2112 1408
-2112 -1408
2112 -1408
2304 1216
-2304 1216
-2304 -1216
2304 -1216
2368 1152
-2368 1152
-2368 -1152
2368 -1152
2432 1088
-2432 1088
-2432 -1088
2432 -1088
2496 1024
-2496 1024
-2496 -1024
2496 -1024
2560 960
-2560 960
-2560 -960
2560 -960
2624 896
-2624 896
-2624 -896
2624 -896
2688 832
-2688 832
-2688 -832
2688 -832
2752 768
-2752 768
-2752 -768
2752 -768
2816 704
-2816 704
-2816 -704
2816 -704
-2880 640
-2880 -640
2880 -640
2944 576
-2944 576
-2944 -576
2944 -576
3008 512
-3008 512
-3008 -512
3008 -512
3072 448
-3072 448
-3072 -448
3072 -448
3136 384
-3136 384
-3136 -384
3136 -384
3392 320
-3392 320
-3392 -320
3392 -320
3264 -320
-3264 -320
-3264 320
3264 320
320 -3136
-320 -3136
-320 3136
320 3136
3200 -384
-3200 -384
-3200 384
3200 384
3136 -448
-3136 -448
-3136 448
3136 448
3072 -512
-3072 -512
-3072 512
3072 512
3008 -576
-3008 -576
-3008 576
3008 576
2944 -640
-2944 -640
-2944 640
2944 640
2880 -704
-2880 -704
-2880 704
2816 -768
-2816 -768
-2816 768
2816 768
2752 -832
-2752 -832
-2752 832
2752 832
2688 -896
-2688 -896
-2688 896
2688 896
2624 -960
-2624 -960
-2624 960
2624 960
2560 -1024
-2560 -1024
-2560 1024
2560 1024
2496 -1088
-2496 -1088
-2496 1088
2496 1088
2432 -1152
-2432 -1152
-2432 1152
2432 1152
2368 -1216
-2368 -1216
-2368 1216
2368 1216
2240 -1344
-2240 -1344
-2240 1344
2240 1344
2176 -1408
-2176 -1408
-2176 1408
2176 1408
2112 -1472
-2112 -1472
-2112 1472
2112 1472
1472 -2112
-1472 -2112
-1472 2112
1472 2112
1408 -2176
-1408 -2176
-1408 2176
1088 -2496
-1088 -2496
-1088 2496
1088 2496
1024 -2560
-1024 -2560
-1024 2560
1024 2560
960 -2624
-960 -2624
-960 2624
960 2624
896 -2688
-896 -2688
-896 2688
896 2688
768 -2816
-768 -2816
-768 2816
768 2816
704 -2880
-704 -2880
-704 2880
704 2880
640 -2944
-640 -2944
-640 2944
640 2944
576 -3008
-576 -3008
-576 3008
576 3008
512 -3072
-512 -3072
-512 3072
512 3072
384 -3136
-384 -3136
-384 3136
384 3136
384 -3072
-384 -3072
-384 3072
384 3072
-1344 2240
1344 -2240
1152 2368
-1152 2368
-1152 -2368
1152 -2368
1152 2432
-1152 2432
-1152 -2432
1152 -2432
1152 -128
-1152 -128
-1152 128
1152 128
1152 -64
-1152 -64
-1152 64
1152 64
1152 0
-1152 0
-1216 2304
1216 2304
1216 -2304
-1216 -2304
-1216 2368
1216 2368
1216 -2368
-1216 -2368
832 -2752
-832 -2752
-832 2752
832 2752
832 -2688
-832 -2688
-832 2688
832 2688
-1344 -2240
128 -1152
-128 -1152
-128 1152
128 1152
64 -1152
-64 -1152
-64 1152
64 1152
0 -1152
0 1152
448 -640
-448 -640
-448 640
448 640
704 -512
-704 -512
-704 512
704 512
640 -448
-640 -448
-640 448
640 448
512 -704
-512 -704
-512 704
512 704
576 -768
-576 -768
-576 768
576 768
768 -576
-768 -576
-768 576
768 576
-256 2624
256 2624
-256 -2624
256 -2624
2624 -256
-2624 -256
2624 256
-2624 256
448 2432
-448 2432
448 -2432
-448 -2432
2432 448
-2432 448
2432 -448
-2432 -448
512 2368
-512 2368
512 -2368
-512 -2368
2368 512
-2368 512
2368 -512
-2368 -512
704 2176
-704 2176
704 -2176
-704 -2176
2176 704
-2176 704
2176 -704
-2176 -704
768 2112
-768 2112
768 -2112
-768 -2112
2112 768
-2112 768
2112 -768
-2112 -768
960 1920
-960 1920
960 -1920
-960 -1920
1920 960
-1920 960
1920 -960
-1920 -960
1024 1856
-1024 1856
1024 -1856
-1024 -1856
1856 1024
-1856 1024
1856 -1024
-1856 -1024
1408 2112
1408 2176
1024 -768
-1024 768
1024 768
768 -1024
-768 1024
768 1024
960 -768
-960 768
960 768
768 -960
-768 960
768 960
960 -832
-960 832
960 832
832 -960
-832 960
832 960
2880 640
2880 704
-192 -2240
192 -2240
-192 2240
192 2240
-2240 -192
2240 -192
-2240 192
2240 192
-192 -2176
192 -2176
-192 2176
192 2176
-2176 -192
2176 -192
-2176 192
2176 192
-128 -2112
128 -2112
-128 2112
128 2112
-2112 -128
2112 -128
-2112 128
2112 128
-128 -2304
128 -2304
-128 2304
128 2304
-2304 -128
2304 -128
-2304 128
2304 128
1344 2240
128 -2368
-128 -2368
128 2368
-128 2368
-2368 128
2368 128
-2368 -128
2368 -128
192 -2432
-192 -2432
192 2432
-192 2432
-2432 192
2432 192
-2432 -192
2432 -192
128 -448
-128 -448
128 448
-128 448
-448 128
448 128
-448 -128
448 -128
192 -448
-192 -448
192 448
-192 448
-448 192
448 192
-448 -192
448 -192
256 -448
-256 -448
256 448
-256 448
-448 256
448 256
-448 -256
448 -256
320 -448
-320 -448
320 448
-320 448
-448 320
448 320
-448 -320
448 -320
704 -128
-704 -128
704 128
-704 128
-128 704
128 704
-128 -704
128 -704
704 -64
-704 -64
704 64
-704 64
-64 704
64 704
-64 -704
64 -704
704 0
-704 0
0 704
0 -704
-128 -256
128 -256
-128 256
128 256
-256 -128
256 -128
-256 128
256 128
-128 -192
128 -192
-128 192
128 192
-192 -128
192 -128
-192 128
192 128
-128 -128
128 -128
-128 128
128 128
768 -192
-768 -192
768 192
-768 192
-192 768
192 768
-192 -768
192 -768
1408 -1024
-1408 -1024
1408 1024
-1408 1024
-1024 1408
1024 1408
-1024 -1408
1024 -1408
1856 -960
-1856 -960
1856 960
-1856 960
-960 1856
960 1856
-960 -1856
960 -1856
1920 -1024
-1920 -1024
1920 1024
-1920 1024
-1024 1920
1024 1920
-1024 -1920
1024 -1920
1984 -1024
-1984 -1024
1984 1024
-1984 1024
-1024 1984
1024 1984
-1024 -1984
1024 -1984
1792 -960
-1792 -960
1792 960
-1792 960
-960 1792
960 1792
-960 -1792
960 -1792
1280 -960
-1280 -960
1280 960
-1280 960
-960 1280
960 1280
-960 -1280
960 -1280
1408 -1600
-1408 -1600
1408 1600
-1408 1600
-1600 1408
1600 1408
-1600 -1408
1600 -1408
1472 -1536
-1472 -1536
1472 1536
-1472 1536
-1536 1472
1536 1472
-1536 -1472
1536 -1472
1536 -1536
-1536 -1536
1536 1536
-1536 1536
1600 -1472
-1600 -1472
1600 1472
-1600 1472
-1472 1600
1472 1600
-1472 -1600
1472 -1600
2240 -640
-2240 -640
2240 640
-2240 640
-640 2240
640 2240
-640 -2240
640 -2240
2176 -768
-2176 -768
2176 768
-2176 768
-768 2176
768 2176
-768 -2176
768 -2176
2176 -640
-2176 -640
2176 640
-2176 640
-640 2176
640 2176
-640 -2176
640 -2176
1728 -704
-1728 -704
1728 704
-1728 704
-704 1728
704 1728
-704 -1728
704 -1728
1728 -640
-1728 -640
1728 640
-1728 640
-640 1728
640 1728
-640 -1728
640 -1728
1728 -576
-1728 -576
1728 576
-1728 576
-576 1728
576 1728
-576 -1728
576 -1728
1728 -512
-1728 -512
1728 512
-1728 512
-512 1728
512 1728
-512 -1728
512 -1728
1728 -448
-1728 -448
1728 448
-1728 448
-448 1728
448 1728
-448 -1728
448 -1728
1664 -448
-1664 -448
1664 448
-1664 448
-448 1664
448 1664
-448 -1664
448 -1664
1792 -704
-1792 -704
1792 704
-1792 704
-704 1792
704 1792
-704 -1792
704 -1792
1664 -768
-1664 -768
1664 768
-1664 768
-768 1664
768 1664
-768 -1664
768 -1664
1792 -384
-1792 -384
1792 384
-1792 384
-384 1792
384 1792
-384 -1792
384 -1792
1728 -192
-1728 -192
1728 192
-1728 192
-192 1728
192 1728
-192 -1728
192 -1728
1728 -128
-1728 -128
1728 128
-1728 128
-128 1728
128 1728
-128 -1728
128 -1728
-832 -1088
832 -1088
-832 1088
832 1088
-1088 -832
1088 -832
-1088 832
1088 832
-896 -1088
896 -1088
-896 1088
896 1088
-1088 -896
1088 -896
-1088 896
1088 896
192 -2752
-192 -2752
192 2752
-192 2752
-2752 192
2752 192
-2752 -192
2752 -192
192 -2816
-192 -2816
192 2816
-192 2816
-2816 192
2816 192
-2816 -192
2816 -192
256 -2688
-256 -2688
256 2688
-256 2688
-2688 256
2688 256
-2688 -256
2688 -256
128 -2880
-128 -2880
128 2880
-128 2880
-2880 128
2880 128
-2880 -128
2880 -128
448 -2496
-448 -2496
448 2496
-448 2496
-2496 448
2496 448
-2496 -448
2496 -448
768 0
-768 0
0 768
0 -768
-768 -1024
-1024 -768
-704 -1088
704 -1088
-704 1088
704 1088
-1088 -704
1088 -704
-1088 704
1088 704
-448 -1152
448 -1152
-448 1152
448 1152
-1152 -448
1152 -448
-1152 448
1152 448
-448 -1216
448 -1216
-448 1216
448 1216
-1216 -448
1216 -448
-1216 448
1216 448
-384 -1280
384 -1280
-384 1280
384 1280
-1280 -384
1280 -384
-1280 384
1280 384
-320 -1280
320 -1280
-320 1280
320 1280
-1280 -320
1280 -320
-1280 320
1280 320
-256 -1280
256 -1280
-256 1280
256 1280
-1280 -256
1280 -256
-1280 256
1280 256
-192 -1216
192 -1216
-192 1216
192 1216
-1216 -192
1216 -192
-1216 192
1216 192
896 -1344
-896 -1344
896 1344
-896 1344
-1344 896
1344 896
-1344 -896
1344 -896
960 -1344
-960 -1344
960 1344
-960 1344
-1344 960
1344 960
-1344 -960
1344 -960
1024 -1344
-1024 -1344
1024 1344
-1024 1344
-1344 1024
1344 1024
-1344 -1024
1344 -1024
1280 -1344
-1280 -1344
1280 1344
-1280 1344
-1344 1280
1344 1280
-1344 -1280
1344 -1280
2176 -1344
-2176 -1344
2176 1344
-2176 1344
-1344 2176
1344 2176
-1344 -2176
1344 -2176
2240 -1280
-2240 -1280
2240 1280
-2240 1280
-1280 2240
1280 2240
-1280 -2240
1280 -2240
2304 -1280
-2304 -1280
2304 1280
-2304 1280
-1280 2304
1280 2304
-1280 -2304
1280 -2304
3200 -320
-3200 -320
3200 320
-3200 320
2112 -1536
-2112 -1536
2112 1536
-2112 1536
-1536 2112
1536 2112
-1536 -2112
1536 -2112
2176 -1600
-2176 -1600
2176 1600
-2176 1600
-1600 2176
1600 2176
-1600 -2176
1600 -2176
2240 -1664
-2240 -1664
2240 1664
-2240 1664
-1664 2240
1664 2240
-1664 -2240
1664 -2240
2304 -1728
-2304 -1728
2304 1728
-2304 1728
-1728 2304
1728 2304
-1728 -2304
1728 -2304
2368 -1856
-2368 -1856
2368 1856
-2368 1856
-1856 2368
1856 2368
-1856 -2368
1856 -2368
2368 -1792
-2368 -1792
2368 1792
-2368 1792
-1792 2368
1792 2368
-1792 -2368
1792 -2368
2304 -1984
-2304 -1984
2304 1984
-2304 1984
-1984 2304
1984 2304
-1984 -2304
1984 -2304
2304 -1920
-2304 -1920
2304 1920
-2304 1920
-1920 2304
1920 2304
-1920 -2304
1920 -2304
2240 -2048
-2240 -2048
2240 2048
-2240 2048
-2048 2240
2048 2240
-2048 -2240
2048 -2240
2176 -2176
-2176 -2176
2176 2176
-2176 2176
2176 -2240
-2176 -2240
2176 2240
-2176 2240
-2240 2176
2240 2176
-2240 -2176
2240 -2176
2112 -2240
-2112 -2240
2112 2240
-2112 2240
-2240 2112
2240 2112
-2240 -2112
2240 -2112
2304 -2048
-2304 -2048
2304 2048
-2304 2048
-2048 2304
2048 2304
-2048 -2304
2048 -2304
2368 -1920
-2368 -1920
2368 1920
-2368 1920
-1920 2368
1920 2368
-1920 -2368
1920 -2368
2368 -1728
-2368 -1728
2368 1728
-2368 1728
-1728 2368
1728 2368
-1728 -2368
1728 -2368
2304 -1664
-2304 -1664
2304 1664
-2304 1664
-1664 2304
1664 2304
-1664 -2304
1664 -2304
2240 -1600
-2240 -1600
2240 1600
-2240 1600
-1600 2240
1600 2240
-1600 -2240
1600 -2240
2176 -1536
-2176 -1536
2176 1536
-2176 1536
-1536 2176
1536 2176
-1536 -2176
1536 -2176
1728 -1920
-1728 -1920
1728 1920
-1728 1920
-1920 1728
1920 1728
-1920 -1728
1920 -1728
1664 -1920
-1664 -1920
1664 1920
-1664 1920
-1920 1664
1920 1664
-1920 -1664
1920 -1664
1792 -1920
-1792 -1920
1792 1920
-1792 1920
-1920 1792
1920 1792
-1920 -1792
1920 -1792
1792 -1984
-1792 -1984
1792 1984
-1792 1984
-1984 1792
1984 1792
-1984 -1792
1984 -1792
1856 -2048
-1856 -2048
1856 2048
-1856 2048
-2048 1856
2048 1856
-2048 -1856
2048 -1856
1792 -2048
-1792 -2048
1792 2048
-1792 2048
-2048 1792
2048 1792
-2048 -1792
2048 -1792
192 -1280
-192 -1280
192 1280
-192 1280
-1280 192
1280 192
-1280 -192
1280 -192
128 -1344
-128 -1344
128 1344
-128 1344
-1344 128
1344 128
-1344 -128
1344 -128
-192 3008
192 3008
-192 -3008
192 -3008
3008 -192
-3008 -192
3008 192
-3008 192